<?xml version="1.0"?>
<opencv_storage>
<cameraMatrix1 type_id="opencv-matrix">
  <rows>3</rows>
  <cols>3</cols>
  <dt>d</dt>
  <data>
    9.1028685784257209e+02 0. 2.9966280273936610e+02 0.
    9.1646364674755068e+02 1.6585466136211494e+02 0. 0. 1.</data></cameraMatrix1>
<distCoeffs1 type_id="opencv-matrix">
  <rows>1</rows>
  <cols>5</cols>
  <dt>d</dt>
  <data>
    4.3239804204963548e+00 7.7227171694280344e+01
    -7.5789544144851100e-03 -3.0119883431065490e-03
    -5.1855913878899621e+01</data></distCoeffs1>
<cameraMatrix2 type_id="opencv-matrix">
  <rows>3</rows>
  <cols>3</cols>
  <dt>d</dt>
  <data>
    9.1089280992905822e+02 0. 2.7166651823653365e+02 0.
    9.1736672033008438e+02 3.1668151411339636e+02 0. 0. 1.</data></cameraMatrix2>
<distCoeffs2 type_id="opencv-matrix">
  <rows>1</rows>
  <cols>5</cols>
  <dt>d</dt>
  <data>
    -2.1383720928529018e-01 2.6091482709937655e+00
    3.5657686872903409e-03 -5.1109285453107478e-03
    1.2030249548307057e+02</data></distCoeffs2>
<R type_id="opencv-matrix">
  <rows>3</rows>
  <cols>3</cols>
  <dt>d</dt>
  <data>
    9.9793140668981795e-01 -8.2428814389941627e-03
    6.3757058022337804e-02 1.7419838438536499e-02 9.8931452359286742e-01
    -1.4475262566528149e-01 -6.1882604751709917e-02
    1.4556382900226453e-01 9.8741162385063264e-01</data></R>
<T type_id="opencv-matrix">
  <rows>3</rows>
  <cols>1</cols>
  <dt>d</dt>
  <data>
    -5.6555457551951391e-02 6.4969190418272130e-03
    -1.0252471249063881e-01</data></T>
<E type_id="opencv-matrix">
  <rows>3</rows>
  <cols>3</cols>
  <dt>d</dt>
  <data>
    1.3839176543750816e-03 1.0237490350661813e-01
    -8.4255879474813451e-03 -1.0581242958249186e-01
    9.0775280018643816e-03 4.9306842135998688e-02
    -7.4686664919329975e-03 -5.5897582211204902e-02
    7.7723265320301270e-03</data></E>
<F type_id="opencv-matrix">
  <rows>3</rows>
  <cols>3</cols>
  <dt>d</dt>
  <data>
    3.9179111285039091e-05 2.8787295545625612e-03
    -7.0632273133076229e-01 -2.9744406680454762e-03
    2.5345405937607135e-04 2.1109868289186462e+00 7.3870743612958212e-01
    -2.2940701888385417e+00 1.</data></F>
<R1 type_id="opencv-matrix">
  <rows>3</rows>
  <cols>3</cols>
  <dt>d</dt>
  <data>
    4.2620594363726333e-01 6.8476794642866670e-02 9.0203072131924034e-01
    1.7607510349983890e-03 9.9706624078240613e-01
    -7.6523272589675284e-02 -9.0462444879854031e-01
    3.4202925130457258e-02 4.2483498743448339e-01</data></R1>
<R2 type_id="opencv-matrix">
  <rows>3</rows>
  <cols>3</cols>
  <dt>d</dt>
  <data>
    4.8227067581101346e-01 -5.5401789192727341e-02
    8.7426862977407194e-01 -1.1340488782965508e-02
    9.9751972962059332e-01 6.9467851066678701e-02
    -8.7594885042846660e-01 -4.3416941070317461e-02
    4.8044623077004656e-01</data></R2>
<P1 type_id="opencv-matrix">
  <rows>3</rows>
  <cols>4</cols>
  <dt>d</dt>
  <data>
    1.1228100639818231e+03 0. -1.6365244293212891e+03 0. 0.
    1.1228100639818231e+03 2.4735862457752228e+02 0. 0. 0. 1. 0.</data></P1>
<P2 type_id="opencv-matrix">
  <rows>3</rows>
  <cols>4</cols>
  <dt>d</dt>
  <data>
    1.1228100639818231e+03 0. -1.6365244293212891e+03
    -1.3167094765950870e+02 0. 1.1228100639818231e+03
    2.4735862457752228e+02 0. 0. 0. 1. 0.</data></P2>
<Q type_id="opencv-matrix">
  <rows>4</rows>
  <cols>4</cols>
  <dt>d</dt>
  <data>
    1. 0. 0. 1.6365244293212891e+03 0. 1. 0. -2.4735862457752228e+02 0.
    0. 0. 1.1228100639818231e+03 0. 0. 8.5273941134328783e+00 0.</data></Q>
<image_width>640</image_width>
<image_height>480</image_height>
<rms_error>1.8419302373187683e+01</rms_error>
<epipolar_error>4.4195814679954758e+01</epipolar_error>
<baseline>1.1726911958070967e-01</baseline>
<validPixROI1 type_id="opencv-matrix">
  <rows>4</rows>
  <cols>1</cols>
  <dt>i</dt>
  <data>
    368 0 272 200</data></validPixROI1>
<validPixROI2 type_id="opencv-matrix">
  <rows>4</rows>
  <cols>1</cols>
  <dt>i</dt>
  <data>
    0 187 640 293</data></validPixROI2>
</opencv_storage>
