baseline_m: 0.11726911958070967
calibration_date: '2025-11-07 10:48:10.436780'
camera_matrix_left:
- - 910.2868578425721
  - 0.0
  - 299.6628027393661
- - 0.0
  - 916.4636467475507
  - 165.85466136211494
- - 0.0
  - 0.0
  - 1.0
camera_matrix_right:
- - 910.8928099290582
  - 0.0
  - 271.66651823653365
- - 0.0
  - 917.3667203300844
  - 316.68151411339636
- - 0.0
  - 0.0
  - 1.0
chessboard:
  size:
  - 9
  - 6
  square_size_m: 0.025
depth_range_m:
- 0.533920340594671
- 21.35681362378684
distortion_coeffs_left:
- 4.323980420496355
- 77.22717169428034
- -0.00757895441448511
- -0.003011988343106549
- -51.85591387889962
distortion_coeffs_right:
- -0.21383720928529018
- 2.6091482709937655
- 0.003565768687290341
- -0.005110928545310748
- 120.30249548307057
epipolar_error: 44.19581467995476
image_size:
  height: 480
  width: 640
rectification:
  alpha: 0.8
  valid_roi_left: !!python/tuple
  - 368
  - 0
  - 272
  - 200
  valid_roi_right: !!python/tuple
  - 0
  - 187
  - 640
  - 293
reprojection_error:
  left_camera: 0.4008252327300707
  right_camera: 0.3931127539310769
  rms: 18.419302373187683
rotation_matrix:
- - 0.997931406689818
  - -0.008242881438994163
  - 0.0637570580223378
- - 0.0174198384385365
  - 0.9893145235928674
  - -0.1447526256652815
- - -0.06188260475170992
  - 0.14556382900226453
  - 0.9874116238506326
translation_vector:
- -0.05655545755195139
- 0.006496919041827213
- -0.10252471249063881
