<?xml version="1.0"?>
<opencv_storage>
<camera_matrix type_id="opencv-matrix">
  <rows>3</rows>
  <cols>3</cols>
  <dt>d</dt>
  <data>
    1.2758530257502148e+03 0. 6.3950000000000000e+02 0.
    1.2750266375224828e+03 3.5950000000000000e+02 0. 0. 1.</data></camera_matrix>
<distortion_coefficients type_id="opencv-matrix">
  <rows>1</rows>
  <cols>12</cols>
  <dt>d</dt>
  <data>
    -3.0206157347645767e+01 6.2136587594974696e+02
    -1.1602698897085926e-02 2.4785660610161840e-03
    -2.0567433354754539e+03 -3.0042151836036812e+01
    6.1647044559511687e+02 -2.0393237002268593e+03
    -3.5080043370485939e-02 1.9864933502285428e-01
    6.5907753821845022e-02 -2.3180150701410307e-01</data></distortion_coefficients>
<rms_error>4.9771461008911162e+00</rms_error>
<mean_error>6.1475748931329888e-01</mean_error>
<image_width>1280</image_width>
<image_height>720</image_height>
<used_images>"calib_20251103_210015_494265.jpg calib_20251103_210019_877654.jpg calib_20251103_210021_358859.jpg calib_20251103_210023_552876.jpg calib_20251103_210024_849059.jpg calib_20251103_210025_550505.jpg calib_20251103_210026_643153.jpg calib_20251103_210032_829898.jpg calib_20251103_210042_248122.jpg calib_20251103_210045_032224.jpg calib_20251103_210050_993399.jpg calib_20251103_210052_704716.jpg calib_20251103_210212_529430.jpg calib_20251103_210222_052397.jpg calib_20251103_210333_289432.jpg calib_20251103_210342_643412.jpg calib_20251103_210343_956510.jpg calib_20251103_210346_737531.jpg calib_20251103_210349_541315.jpg"</used_images>
</opencv_storage>
