<?xml version="1.0"?>
<opencv_storage>
<camera_matrix type_id="opencv-matrix">
  <rows>3</rows>
  <cols>3</cols>
  <dt>d</dt>
  <data>
    4.0021162302030680e+03 0. 9.5950000000000000e+02 0.
    3.9877214134040396e+03 6.3950000000000000e+02 0. 0. 1.</data></camera_matrix>
<distortion_coefficients type_id="opencv-matrix">
  <rows>1</rows>
  <cols>12</cols>
  <dt>d</dt>
  <data>
    3.2374503438803274e+01 3.0071612404093528e+01 4.6357763166696379e-03
    1.6149808743668666e-02 -4.7401173246272464e+01
    3.2526794500223119e+01 2.5178894438766267e+01
    -4.5677278396798286e+01 -4.4086228039370776e-02
    -5.0371219774938754e-02 -1.2198689423502392e-02
    -2.6095373425081128e-02</data></distortion_coefficients>
<rms_error>9.3718563237807528e-01</rms_error>
<mean_error>9.3718552789844045e-01</mean_error>
<image_width>1920</image_width>
<image_height>1280</image_height>
<used_images>"226fbd5ee3335c6e27b142af12453bd3.jpg 226fbd5ee3335c6e27b142af12453bd3.jpg 239c4d597ecc8d7fc89ee52a47192ef9.jpg 239c4d597ecc8d7fc89ee52a47192ef9.jpg 2e0a2511d015ba02cdb7db02c59741c4.jpg 2e0a2511d015ba02cdb7db02c59741c4.jpg 83a9bd9c5f55c789677d7e2e2098d6d4.jpg 83a9bd9c5f55c789677d7e2e2098d6d4.jpg 8ba6bbbe057d786f98ec79e6374c76ef.jpg 8ba6bbbe057d786f98ec79e6374c76ef.jpg 9885f1e35d5e10952e0e0e9b8ebb5011.jpg 9885f1e35d5e10952e0e0e9b8ebb5011.jpg a4d483d57a51d35b8d275e1c4b4b43ab.jpg a4d483d57a51d35b8d275e1c4b4b43ab.jpg b3264346d2ab539c4d6074a8b908b1c1.jpg b3264346d2ab539c4d6074a8b908b1c1.jpg c74b3970520d2b82d5733f3ca285b733.jpg c74b3970520d2b82d5733f3ca285b733.jpg d36b19267c73e13d22fdf42b207efeeb.jpg d36b19267c73e13d22fdf42b207efeeb.jpg"</used_images>
</opencv_storage>
