<?xml version="1.0"?>
<opencv_storage>
<camera_matrix type_id="opencv-matrix">
  <rows>3</rows>
  <cols>3</cols>
  <dt>d</dt>
  <data>
    1.1682779876525813e+03 0. 6.3950000000000000e+02 0.
    1.1650045420658028e+03 3.5950000000000000e+02 0. 0. 1.</data></camera_matrix>
<distortion_coefficients type_id="opencv-matrix">
  <rows>1</rows>
  <cols>12</cols>
  <dt>d</dt>
  <data>
    -6.0545566408259264e+00 3.7923312936349416e+00
    -5.1033351159571073e-03 -3.9611093614459253e-03
    4.9157718488498723e+01 -5.6250676369481161e+00
    7.2778107821075081e-03 5.9765401698462135e+01 1.1803968327156283e-02
    -6.8180688847055701e-03 9.8887992939149238e-03
    6.2077042935386514e-03</data></distortion_coefficients>
<rms_error>7.7940065553048621e-01</rms_error>
<mean_error>9.9404769368416274e-02</mean_error>
<image_width>1280</image_width>
<image_height>720</image_height>
<used_images>"calibration10.jpg calibration11.jpg calibration12.jpg calibration13.jpg calibration14.jpg calibration15.jpg calibration16.jpg calibration17.jpg calibration18.jpg calibration19.jpg calibration2.jpg calibration20.jpg calibration3.jpg calibration6.jpg calibration7.jpg calibration8.jpg calibration9.jpg"</used_images>
</opencv_storage>
